function cd = descentDrag(cl,t)
wingLoading = 0.035*9.81;
atmosphere = [30 0.0180119;
27.5 0.0266036; 25 0.0394658; 22.5 0.0588091; 20 0.0880349];

atmosphere = [
20000.0	216.650	5474.89	0.0880349	295.070	0.0000143226;
20010.0	216.660	5466.26	0.0878921	295.076	0.0000143232;
20020.0	216.670	5457.65	0.0877496	295.083	0.0000143238;
20030.0	216.680	5449.05	0.0876073	295.090	0.0000143243;
20040.0	216.690	5440.47	0.0874652	295.097	0.0000143249;
20050.0	216.700	5431.90	0.0873234	295.104	0.0000143255;
20060.0	216.710	5423.34	0.0871818	295.110	0.0000143260;
20070.0	216.720	5414.80	0.0870405	295.117	0.0000143266;
20080.0	216.730	5406.27	0.0868994	295.124	0.0000143272;
20090.0	216.740	5397.75	0.0867585	295.131	0.0000143277;
20100.0	216.750	5389.25	0.0866179	295.138	0.0000143283;
20110.0	216.760	5380.77	0.0864775	295.144	0.0000143289;
20120.0	216.770	5372.29	0.0863373	295.151	0.0000143294;
20130.0	216.780	5363.83	0.0861974	295.158	0.0000143300;
20140.0	216.790	5355.39	0.0860577	295.165	0.0000143306;
20150.0	216.800	5346.95	0.0859182	295.172	0.0000143311;
20160.0	216.810	5338.53	0.0857790	295.178	0.0000143317;
20170.0	216.820	5330.13	0.0856400	295.185	0.0000143323;
20180.0	216.830	5321.74	0.0855012	295.192	0.0000143328;
20190.0	216.840	5313.36	0.0853626	295.199	0.0000143334;
20200.0	216.850	5304.99	0.0852243	295.206	0.0000143340;
20210.0	216.860	5296.64	0.0850863	295.213	0.0000143345;
20220.0	216.870	5288.31	0.0849484	295.219	0.0000143351;
20230.0	216.880	5279.98	0.0848108	295.226	0.0000143357;
20240.0	216.890	5271.67	0.0846734	295.233	0.0000143362;
20250.0	216.900	5263.38	0.0845362	295.240	0.0000143368;
20260.0	216.910	5255.09	0.0843993	295.247	0.0000143374;
20270.0	216.920	5246.82	0.0842626	295.253	0.0000143379;
20280.0	216.930	5238.57	0.0841261	295.260	0.0000143385;
20290.0	216.940	5230.32	0.0839899	295.267	0.0000143391;
20300.0	216.950	5222.09	0.0838538	295.274	0.0000143396;
20310.0	216.960	5213.88	0.0837180	295.281	0.0000143402;
20320.0	216.970	5205.67	0.0835825	295.287	0.0000143408;
20330.0	216.980	5197.48	0.0834471	295.294	0.0000143413;
20340.0	216.990	5189.31	0.0833120	295.301	0.0000143419;
20350.0	217.000	5181.14	0.0831771	295.308	0.0000143425;
20360.0	217.010	5172.99	0.0830424	295.315	0.0000143430;
20370.0	217.020	5164.85	0.0829080	295.321	0.0000143436;
20380.0	217.030	5156.73	0.0827738	295.328	0.0000143441;
20390.0	217.040	5148.62	0.0826398	295.335	0.0000143447;
20400.0	217.050	5140.52	0.0825060	295.342	0.0000143453;
20410.0	217.060	5132.44	0.0823725	295.349	0.0000143458;
20420.0	217.070	5124.37	0.0822391	295.355	0.0000143464;
20430.0	217.080	5116.31	0.0821060	295.362	0.0000143470;
20440.0	217.090	5108.26	0.0819731	295.369	0.0000143475;
20450.0	217.100	5100.23	0.0818405	295.376	0.0000143481;
20460.0	217.110	5092.21	0.0817080	295.383	0.0000143487;
20470.0	217.120	5084.20	0.0815758	295.389	0.0000143492;
20480.0	217.130	5076.21	0.0814438	295.396	0.0000143498;
20490.0	217.140	5068.23	0.0813120	295.403	0.0000143504;
20500.0	217.150	5060.26	0.0811804	295.410	0.0000143509;
20510.0	217.160	5052.31	0.0810491	295.417	0.0000143515;
20520.0	217.170	5044.37	0.0809180	295.423	0.0000143521;
20530.0	217.180	5036.44	0.0807871	295.430	0.0000143526;
20540.0	217.190	5028.52	0.0806564	295.437	0.0000143532;
20550.0	217.200	5020.62	0.0805259	295.444	0.0000143538;
20560.0	217.210	5012.73	0.0803956	295.451	0.0000143543;
20570.0	217.220	5004.85	0.0802656	295.457	0.0000143549;
20580.0	217.230	4996.99	0.0801358	295.464	0.0000143555;
20590.0	217.240	4989.13	0.0800062	295.471	0.0000143560;
20600.0	217.250	4981.29	0.0798768	295.478	0.0000143566;
20610.0	217.260	4973.47	0.0797476	295.485	0.0000143572;
20620.0	217.270	4965.65	0.0796186	295.491	0.0000143577;
20630.0	217.280	4957.85	0.0794899	295.498	0.0000143583;
20640.0	217.290	4950.06	0.0793613	295.505	0.0000143589;
20650.0	217.300	4942.29	0.0792330	295.512	0.0000143594;
20660.0	217.310	4934.52	0.0791049	295.519	0.0000143600;
20670.0	217.320	4926.77	0.0789770	295.525	0.0000143606;
20680.0	217.330	4919.03	0.0788493	295.532	0.0000143611;
20690.0	217.340	4911.31	0.0787219	295.539	0.0000143617;
20700.0	217.350	4903.59	0.0785946	295.546	0.0000143622;
20710.0	217.360	4895.89	0.0784676	295.553	0.0000143628;
20720.0	217.370	4888.20	0.0783407	295.559	0.0000143634;
20730.0	217.380	4880.53	0.0782141	295.566	0.0000143639;
20740.0	217.390	4872.86	0.0780877	295.573	0.0000143645;
20750.0	217.400	4865.21	0.0779615	295.580	0.0000143651;
20760.0	217.410	4857.57	0.0778355	295.587	0.0000143656;
20770.0	217.420	4849.94	0.0777097	295.593	0.0000143662;
20780.0	217.430	4842.33	0.0775841	295.600	0.0000143668;
20790.0	217.440	4834.73	0.0774588	295.607	0.0000143673;
20800.0	217.450	4827.14	0.0773336	295.614	0.0000143679;
20810.0	217.460	4819.56	0.0772087	295.621	0.0000143685;
20820.0	217.470	4811.99	0.0770839	295.627	0.0000143690;
20830.0	217.480	4804.44	0.0769594	295.634	0.0000143696;
20840.0	217.490	4796.90	0.0768351	295.641	0.0000143702;
20850.0	217.500	4789.37	0.0767109	295.648	0.0000143707;
20860.0	217.510	4781.85	0.0765870	295.655	0.0000143713;
20870.0	217.520	4774.35	0.0764633	295.661	0.0000143719;
20880.0	217.530	4766.86	0.0763398	295.668	0.0000143724;
20890.0	217.540	4759.38	0.0762165	295.675	0.0000143730;
20900.0	217.550	4751.91	0.0760934	295.682	0.0000143736;
20910.0	217.560	4744.45	0.0759705	295.689	0.0000143741;
20920.0	217.570	4737.01	0.0758478	295.695	0.0000143747;
20930.0	217.580	4729.58	0.0757254	295.702	0.0000143752;
20940.0	217.590	4722.16	0.0756031	295.709	0.0000143758;
20950.0	217.600	4714.75	0.0754810	295.716	0.0000143764;
20960.0	217.610	4707.35	0.0753591	295.723	0.0000143769;
20970.0	217.620	4699.97	0.0752375	295.729	0.0000143775;
20980.0	217.630	4692.60	0.0751160	295.736	0.0000143781;
20990.0	217.640	4685.23	0.0749947	295.743	0.0000143786;
21000.0	217.650	4677.89	0.0748737	295.750	0.0000143792;
21010.0	217.660	4670.55	0.0747528	295.757	0.0000143798;
21020.0	217.670	4663.22	0.0746321	295.763	0.0000143803;
21030.0	217.680	4655.91	0.0745117	295.770	0.0000143809;
21040.0	217.690	4648.61	0.0743914	295.777	0.0000143815;
21050.0	217.700	4641.32	0.0742713	295.784	0.0000143820;
21060.0	217.710	4634.04	0.0741515	295.791	0.0000143826;
21070.0	217.720	4626.78	0.0740318	295.797	0.0000143832;
21080.0	217.730	4619.52	0.0739123	295.804	0.0000143837;
21090.0	217.740	4612.28	0.0737931	295.811	0.0000143843;
21100.0	217.750	4605.05	0.0736740	295.818	0.0000143849;
21110.0	217.760	4597.83	0.0735551	295.824	0.0000143854;
21120.0	217.770	4590.62	0.0734365	295.831	0.0000143860;
21130.0	217.780	4583.43	0.0733180	295.838	0.0000143866;
21140.0	217.790	4576.24	0.0731997	295.845	0.0000143871;
21150.0	217.800	4569.07	0.0730816	295.852	0.0000143877;
21160.0	217.810	4561.91	0.0729637	295.858	0.0000143882;
21170.0	217.820	4554.76	0.0728460	295.865	0.0000143888;
21180.0	217.830	4547.62	0.0727285	295.872	0.0000143894;
21190.0	217.840	4540.50	0.0726112	295.879	0.0000143899;
21200.0	217.850	4533.38	0.0724941	295.886	0.0000143905;
21210.0	217.860	4526.28	0.0723772	295.892	0.0000143911;
21220.0	217.870	4519.19	0.0722605	295.899	0.0000143916;
21230.0	217.880	4512.10	0.0721439	295.906	0.0000143922;
21240.0	217.890	4505.04	0.0720276	295.913	0.0000143928;
21250.0	217.900	4497.98	0.0719115	295.920	0.0000143933;
21260.0	217.910	4490.93	0.0717955	295.926	0.0000143939;
21270.0	217.920	4483.90	0.0716798	295.933	0.0000143945;
21280.0	217.930	4476.87	0.0715642	295.940	0.0000143950;
21290.0	217.940	4469.86	0.0714488	295.947	0.0000143956;
21300.0	217.950	4462.86	0.0713336	295.954	0.0000143962;
21310.0	217.960	4455.87	0.0712186	295.960	0.0000143967;
21320.0	217.970	4448.89	0.0711038	295.967	0.0000143973;
21330.0	217.980	4441.92	0.0709892	295.974	0.0000143978;
21340.0	217.990	4434.97	0.0708748	295.981	0.0000143984;
21350.0	218.000	4428.02	0.0707606	295.987	0.0000143990;
21360.0	218.010	4421.09	0.0706465	295.994	0.0000143995;
21370.0	218.020	4414.17	0.0705327	296.001	0.0000144001;
21380.0	218.030	4407.26	0.0704190	296.008	0.0000144007;
