function elapsed = descentRate(cl,cd)
wingLoading = 0.035*9.81;
atmosphere = [30 0.0180119;
27.5 0.0266036; 25 0.0394658; 22.5 0.0588091; 20 0.0880349];
atmosphere = [
29300.0	0.0200816;
29400.0	0.0197716;
29500.0	0.0194664;
29600.0	0.0191662;
29700.0	0.0188707;
29800.0	0.0185798;
29900.0	0.0182936;
30000.0	0.0180119;
30100.0	0.0177347;
30200.0	0.0174619;
30300.0	0.0171934;
30400.0	0.0169291;
30500.0	0.0166690;
30600.0	0.0164130;
30700.0	0.0161610;
30800.0	0.0159130;
30900.0	0.0156690;
31000.0	0.0154288;
31100.0	0.0151923;
31200.0	0.0149596;
31300.0	0.0147306;
31400.0	0.0145051;
31500.0	0.0142832;
31600.0	0.0140648;
31700.0	0.0138499;
31800.0	0.0136383;
31900.0	0.0134300;
32000.0	0.0132250;
32100.0	0.0130131;
32200.0	0.0128048;
32300.0	0.0126001;
32400.0	0.0123989;
32500.0	0.0122011;
32600.0	0.0120068;
32700.0	0.0118157;
32800.0	0.0116280;
32900.0	0.0114434;
33000.0	0.0112620;
33100.0	0.0110837;
33200.0	0.0109084;
33300.0	0.0107361;
33400.0	0.0105667;
33500.0	0.0104002;
33600.0	0.0102365;
33700.0	0.0100756;
33800.0	0.00991734;
33900.0	0.00976181;
34000.0	0.00960889;
34100.0	0.00945855;
34200.0	0.00931073;
34300.0	0.00916540;
34400.0	0.00902250;
34500.0	0.00888200;
34600.0	0.00874385;
34700.0	0.00860800;
34800.0	0.00847443;
34900.0	0.00834308;
35000.0	0.00821392;
35100.0	0.00808691;
35200.0	0.00796201;
35300.0	0.00783918;
35400.0	0.00771839;
35500.0	0.00759959;
35600.0	0.00748277;
35700.0	0.00736787;
35800.0	0.00725486;
35900.0	0.00714372;
36000.0	0.00703441;
36100.0	0.00692690;
36200.0	0.00682115;
36300.0	0.00671714;
36400.0	0.00661483;
36500.0	0.00651419;
36600.0	0.00641520;
36700.0	0.00631783;
36800.0	0.00622205;
36900.0	0.00612782;
37000.0	0.00603513;
37100.0	0.00594394;
37200.0	0.00585424;
37300.0	0.00576599;
37400.0	0.00567917;
37500.0	0.00559375;
37600.0	0.00550972;
37700.0	0.00542704;
37800.0	0.00534569;
37900.0	0.00526566;
38000.0	0.00518691;
38100.0	0.00510943;
38200.0	0.00503319;
38300.0	0.00495817;
38400.0	0.00488436;
38500.0	0.00481172;
38600.0	0.00474025;
38700.0	0.00466992;
38800.0	0.00460071;
38900.0	0.00453260;
39000.0	0.00446557;
39100.0	0.00439961;
39200.0	0.00433470;
39300.0	0.00427081;
39400.0	0.00420794;
39500.0	0.00414606;
39600.0	0.00408516;
39700.0	0.00402522;
39800.0	0.00396623;
39900.0	0.00390816;
40000.0	0.00385101;
40100.0	0.00379476;
40200.0	0.00373939;
40300.0	0.00368488;
40400.0	0.00363123;
40500.0	0.00357842;
40600.0	0.00352644;
40700.0	0.00347527;
40800.0	0.00342489;
40900.0	0.00337530;
41000.0	0.00332648;
41100.0	0.00327842;
41200.0	0.00323111;
41300.0	0.00318453;
41400.0	0.00313867;
41500.0	0.00309352;
41600.0	0.00304907;
41700.0	0.00300531;
41800.0	0.00296222;
41900.0	0.00291979;
42000.0	0.00287802;
42100.0	0.00283689;
42200.0	0.00279639;
42300.0	0.00275651;
42400.0	0.00271725;
42500.0	0.00267858;
42600.0	0.00264051;
42700.0	0.00260302;
42800.0	0.00256609;
42900.0	0.00252974;
43000.0	0.00249393;
43100.0	0.00245867;
43200.0	0.00242395;
43300.0	0.00238975;
43400.0	0.00235607;
43500.0	0.00232291;
43600.0	0.00229024;
43700.0	0.00225807;
43800.0	0.00222638;
43900.0	0.00219517;
44000.0	0.00216443;
44100.0	0.00213415;
44200.0	0.00210433;
44300.0	0.00207496;
44400.0	0.00204602;
44500.0	0.00201752;
44600.0	0.00198945;
44700.0	0.00196180;
44800.0	0.00193456;
44900.0	0.00190772;
45000.0	0.00188129;
45100.0	0.00185525;
45200.0	0.00182960;
45300.0	0.00180432;
45400.0	0.00177943;
45500.0	0.00175490;
45600.0	0.00173074;
45700.0	0.00170693;
45800.0	0.00168348;
45900.0	0.00166037;
46000.0	0.00163760;
46100.0	0.00161517;
46200.0	0.00159307;
46300.0	0.00157129;
46400.0	0.00154983;
46500.0	0.00152869;
46600.0	0.00150786;
46700.0	0.00148733;
46800.0	0.00146710;
46900.0	0.00144717;
47000.0	0.00142753;
47100.0	0.00140963;
47200.0	0.00139195;
47300.0	0.00137449;
47400.0	0.00135725;
47500.0	0.00134022;
47600.0	0.00132341;
47700.0	0.00130681;
47800.0	0.00129042;
47900.0	0.00127423;
48000.0	0.00125825;
48100.0	0.00124247;
48200.0	0.00122688;
48300.0	0.00121149;
48400.0	0.00119630;
48500.0	0.00118129;
48600.0	0.00116647;
48700.0	0.00115184;
48800.0	0.00113739;
48900.0	0.00112313;
49000.0	0.00110904;
49100.0	0.00109513;
49200.0	0.00108139;
49300.0	0.00106783;
49400.0	0.00105443;
49500.0	0.00104121;
49600.0	0.00102815;
49700.0	0.00101525;
49800.0	0.00100252;
49900.0	0.000989942;
50000.0	0.000977525;
50100.0	0.000965264;
50200.0	0.000953156;
50300.0	0.000941200;
50400.0	0.000929395;
50500.0	0.000917737;
50600.0	0.000906225;
50700.0	0.000894858;
50800.0	0.000883634;
50900.0	0.000872550;
51000.0	0.000861606;
51100.0	0.000851674;
51200.0	0.000841846;
51300.0	0.000832122;
51400.0	0.000822500;
51500.0	0.000812980;
51600.0	0.000803560;
51700.0	0.000794240;
51800.0	0.000785018;
51900.0	0.000775894;
52000.0	0.000766867;
52100.0	0.000757935;
52200.0	0.000749098;
52300.0	0.000740355;
52400.0	0.000731705;
52500.0	0.000723147;
52600.0	0.000714681;
52700.0	0.000706305;
52800.0	0.000698018;
52900.0	0.000689820;
53000.0	0.000681710;
53100.0	0.000673687;
53200.0	0.000665749;
53300.0	0.000657897;
53400.0	0.000650130;
53500.0	0.000642446;
53600.0	0.000634845;
53700.0	0.000627326;
53800.0	0.000619888;
53900.0	0.000612530;
54000.0	0.000605252;
54100.0	0.000598053;
54200.0	0.000590932;
54300.0	0.000583888;
54400.0	0.000576921;
54500.0	0.000570030;
54600.0	0.000563214;
54700.0	0.000556472;
54800.0	0.000549803;
54900.0	0.000543208;
55000.0	0.000536684;
55100.0	0.000530232;
55200.0	0.000523851;
55300.0	0.000517539;
55400.0	0.000511298;
55500.0	0.000505124;
55600.0	0.000499019;
55700.0	0.000492981;
55800.0	0.000487009;
55900.0	0.000481104;
56000.0	0.000475263;
56100.0	0.000469488;
56200.0	0.000463776;
56300.0	0.000458128;
56400.0	0.000452542;
56500.0	0.000447019;
56600.0	0.000441557;
56700.0	0.000436156;
56800.0	0.000430815;
56900.0	0.000425534;
57000.0	0.000420311;
57100.0	0.000415147;
57200.0	0.000410041;
57300.0	0.000404993;
57400.0	0.000400001;
57500.0	0.000395065;
57600.0	0.000390184;
57700.0	0.000385359;
57800.0	0.000380588;
57900.0	0.000375871;
58000.0	0.000371207;
58100.0	0.000366596;
58200.0	0.000362037;
58300.0	0.000357529;
58400.0	0.000353073;
58500.0	0.000348668;
58600.0	0.000344313;
58700.0	0.000340007;
58800.0	0.000335750;
58900.0	0.000331542;
59000.0	0.000327382;
59100.0	0.000323270;
59200.0	0.000319205;
59300.0	0.000315186;
59400.0	0.000311214;
59500.0	0.000307287;
59600.0	0.000303405;
59700.0	0.000299568;
59800.0	0.000295775;
59900.0	0.000292027;
60000.0	0.000288321;
60100.0	0.000284658;
60200.0	0.000281038;
60300.0	0.000277459;
60400.0	0.000273923;
60500.0	0.000270427;
60600.0	0.000266972;
60700.0	0.000263557;
60800.0	0.000260182;
60900.0	0.000256847;
61000.0	0.000253550;
61100.0	0.000250292;
61200.0	0.000247072;
61300.0	0.000243890;
61400.0	0.000240746;
61500.0	0.000237638;
61600.0	0.000234567;
61700.0	0.000231532;
61800.0	0.000228533;
61900.0	0.000225569;
62000.0	0.000222640;
62100.0	0.000219746;
62200.0	0.000216886;
62300.0	0.000214061;
62400.0	0.000211268;
62500.0	0.000208509;
62600.0	0.000205783;
62700.0	0.000203090;
62800.0	0.000200428;
62900.0	0.000197798;
63000.0	0.000195200;
63100.0	0.000192633;
63200.0	0.000190097;
63300.0	0.000187591;
63400.0	0.000185115;
63500.0	0.000182669;
63600.0	0.000180253;
63700.0	0.000177865;
63800.0	0.000175507;
63900.0	0.000173177;
64000.0	0.000170875;
64100.0	0.000168601;
64200.0	0.000166355;
64300.0	0.000164136;
64400.0	0.000161944;
64500.0	0.000159778;
64600.0	0.000157639;
64700.0	0.000155527;
64800.0	0.000153440;
64900.0	0.000151378;
65000.0	0.000149342;
65100.0	0.000147331;
65200.0	0.000145344;
65300.0	0.000143382;
65400.0	0.000141444;
65500.0	0.000139530;
65600.0	0.000137639;
65700.0	0.000135772;
65800.0	0.000133928;
65900.0	0.000132107;
66000.0	0.000130308;
66100.0	0.000128532;
66200.0	0.000126778;
66300.0	0.000125046;
66400.0	0.000123335;
66500.0	0.000121645;
66600.0	0.000119977;
66700.0	0.000118330;
66800.0	0.000116703;
66900.0	0.000115096;
67000.0	0.000113510;
67100.0	0.000111944;
67200.0	0.000110397;
67300.0	0.000108870;
67400.0	0.000107362;
67500.0	0.000105873;
67600.0	0.000104403;
